#YY  MM DD hh mm ss T   HEIGHT
#yr  mo dy hr mn  s -      m
2019 07 14 10 30 00 1 5658.446
2019 07 14 10 15 00 1 5658.353
2019 07 14 10 00 00 1 5658.262
2019 07 14 09 45 00 1 5658.170
2019 07 14 09 30 00 1 5658.087
2019 07 14 09 15 00 1 5657.991
2019 07 14 09 00 00 1 9999.000
2019 07 14 08 59 00 2 5657.901
2019 07 14 08 58 00 2 5657.896
2019 07 14 08 57 00 2 5657.890
2019 07 14 08 56 00 2 5657.885
2019 07 14 08 55 00 2 5657.879
2019 07 14 08 54 00 2 5657.875
2019 07 14 08 53 00 2 5657.869
2019 07 14 08 52 00 2 5657.863
2019 07 14 08 51 00 2 5657.857
2019 07 14 08 50 00 2 5657.851
2019 07 14 08 49 00 2 5657.846
2019 07 14 08 48 00 2 5657.843
2019 07 14 08 47 00 2 5657.839
2019 07 14 08 46 00 2 5657.834
2019 07 14 08 45 00 2 5657.829
2019 07 14 08 45 00 1 9999.000
2019 07 14 08 44 00 2 5657.824
2019 07 14 08 43 00 2 5657.818
2019 07 14 08 42 00 2 5657.813
2019 07 14 08 41 00 2 5657.809
2019 07 14 08 40 00 2 5657.804
2019 07 14 08 39 00 2 5657.799
2019 07 14 08 38 00 2 5657.794
2019 07 14 08 37 00 2 5657.789
2019 07 14 08 36 00 2 5657.784
2019 07 14 08 35 00 2 5657.779
2019 07 14 08 34 00 2 5657.773
2019 07 14 08 33 00 2 5657.768
2019 07 14 08 32 00 2 5657.765
2019 07 14 08 31 00 2 5657.762
2019 07 14 08 30 00 2 5657.757
2019 07 14 08 30 00 1 9999.000
2019 07 14 08 29 00 2 5657.752
2019 07 14 08 28 00 2 5657.747
2019 07 14 08 27 00 2 5657.743
2019 07 14 08 26 00 2 5657.738
2019 07 14 08 25 00 2 5657.734
2019 07 14 08 24 00 2 5657.730
2019 07 14 08 23 00 2 5657.726
2019 07 14 08 22 00 2 5657.721
2019 07 14 08 21 00 2 5657.718
2019 07 14 08 20 00 2 5657.713
2019 07 14 08 19 00 2 5657.708
2019 07 14 08 18 00 2 5657.703
2019 07 14 08 17 00 2 5657.699
2019 07 14 08 16 00 2 5657.696
2019 07 14 08 15 00 2 5657.694
2019 07 14 08 15 00 1 9999.000
2019 07 14 08 14 00 2 5657.690
2019 07 14 08 13 00 2 5657.686
2019 07 14 08 12 00 2 5657.682
2019 07 14 08 11 00 2 5657.677
2019 07 14 08 10 00 2 5657.674
2019 07 14 08 09 00 2 5657.669
2019 07 14 08 08 00 2 5657.664
2019 07 14 08 07 00 2 5657.662
2019 07 14 08 06 00 2 5657.658
2019 07 14 08 05 00 2 5657.654
2019 07 14 08 04 00 2 5657.652
2019 07 14 08 03 00 2 5657.648
2019 07 14 08 02 00 2 5657.642
2019 07 14 08 01 00 2 5657.640
2019 07 14 08 00 00 2 5657.638
2019 07 14 08 00 00 1 9999.000
2019 07 14 07 59 00 2 5657.636
2019 07 14 07 58 00 2 5657.632
2019 07 14 07 57 00 2 5657.629
2019 07 14 07 56 00 2 5657.626
2019 07 14 07 55 00 2 5657.623
2019 07 14 07 54 00 2 5657.620
2019 07 14 07 53 00 2 5657.617
2019 07 14 07 52 00 2 5657.614
2019 07 14 07 51 00 2 5657.611
2019 07 14 07 50 00 2 5657.609
2019 07 14 07 49 00 2 5657.606
2019 07 14 07 48 00 2 5657.603
2019 07 14 07 47 00 2 5657.600
2019 07 14 07 46 00 2 5657.595
2019 07 14 07 45 00 2 5657.593
2019 07 14 07 45 00 1 9999.000
2019 07 14 07 44 00 2 5657.592
2019 07 14 07 43 00 2 5657.590
2019 07 14 07 42 00 2 5657.588
2019 07 14 07 41 00 2 5657.586
2019 07 14 07 40 00 2 5657.583
2019 07 14 07 39 00 2 5657.581
2019 07 14 07 38 00 2 5657.578
2019 07 14 07 37 00 2 5657.576
2019 07 14 07 36 00 2 5657.574
2019 07 14 07 35 00 2 5657.572
2019 07 14 07 34 00 2 5657.570
2019 07 14 07 33 00 2 5657.568
2019 07 14 07 32 00 2 5657.566
2019 07 14 07 31 00 2 5657.564
2019 07 14 07 30 00 2 5657.561
2019 07 14 07 30 00 1 9999.000
2019 07 14 07 29 00 2 5657.558
2019 07 14 07 28 00 2 5657.558
2019 07 14 07 27 00 2 5657.558
2019 07 14 07 26 00 2 5657.556
2019 07 14 07 25 00 2 5657.555
2019 07 14 07 24 00 2 5657.553
2019 07 14 07 23 00 2 5657.552
2019 07 14 07 22 00 2 5657.550
2019 07 14 07 21 00 2 5657.549
2019 07 14 07 20 00 2 5657.547
2019 07 14 07 19 00 2 5657.546
2019 07 14 07 18 00 2 5657.544
2019 07 14 07 17 00 2 5657.542
2019 07 14 07 16 00 2 5657.542
2019 07 14 07 15 00 2 5657.540
2019 07 14 07 15 00 1 9999.000
2019 07 14 07 14 00 2 5657.538
2019 07 14 07 13 00 2 5657.535
2019 07 14 07 12 00 2 5657.536
2019 07 14 07 11 00 2 5657.536
2019 07 14 07 10 00 2 5657.535
2019 07 14 07 09 00 2 5657.534
2019 07 14 07 08 00 2 5657.533
2019 07 14 07 07 00 2 5657.533
2019 07 14 07 06 00 2 5657.532
2019 07 14 07 05 00 2 5657.530
2019 07 14 07 04 00 2 5657.531
2019 07 14 07 03 00 2 5657.529
2019 07 14 07 02 00 2 5657.529
2019 07 14 07 01 00 2 5657.530
2019 07 14 07 00 00 2 5657.529
2019 07 14 07 00 00 1 9999.000
2019 07 14 06 59 00 2 5657.528
2019 07 14 06 58 00 2 5657.527
2019 07 14 06 57 00 2 5657.526
2019 07 14 06 56 00 2 5657.527
2019 07 14 06 55 00 2 5657.529
2019 07 14 06 54 00 2 5657.529
2019 07 14 06 53 00 2 5657.528
2019 07 14 06 52 00 2 5657.529
2019 07 14 06 51 00 2 5657.528
2019 07 14 06 50 00 2 5657.528
2019 07 14 06 49 00 2 5657.527
2019 07 14 06 48 00 2 5657.528
2019 07 14 06 47 00 2 5657.531
2019 07 14 06 46 00 2 5657.531
2019 07 14 06 45 00 2 5657.532
2019 07 14 06 45 00 1 9999.000
2019 07 14 06 44 00 2 5657.531
2019 07 14 06 43 00 2 5657.532
2019 07 14 06 42 00 2 5657.531
2019 07 14 06 41 00 2 5657.532
2019 07 14 06 40 00 2 5657.534
2019 07 14 06 39 00 2 5657.535
2019 07 14 06 38 00 2 5657.536
2019 07 14 06 37 00 2 5657.537
2019 07 14 06 36 00 2 5657.538
2019 07 14 06 35 00 2 5657.539
2019 07 14 06 34 00 2 5657.539
2019 07 14 06 33 00 2 5657.538
2019 07 14 06 32 00 2 5657.542
2019 07 14 06 31 00 2 5657.544
2019 07 14 06 30 00 2 5657.546
2019 07 14 06 30 00 1 9999.000
2019 07 14 06 29 00 2 5657.547
2019 07 14 06 28 00 2 5657.549
2019 07 14 06 27 00 2 5657.550
2019 07 14 06 26 00 2 5657.550
2019 07 14 06 25 00 2 5657.551
2019 07 14 06 24 00 2 5657.554
2019 07 14 06 23 00 2 5657.557
2019 07 14 06 22 00 2 5657.559
2019 07 14 06 21 00 2 5657.561
2019 07 14 06 20 00 2 5657.563
2019 07 14 06 19 00 2 5657.564
2019 07 14 06 18 00 2 5657.564
2019 07 14 06 17 00 2 5657.566
2019 07 14 06 16 00 2 5657.569
2019 07 14 06 15 00 2 5657.574
2019 07 14 06 15 00 1 9999.000
2019 07 14 06 14 00 2 5657.575
2019 07 14 06 13 00 2 5657.579
2019 07 14 06 12 00 2 5657.579
2019 07 14 06 11 00 2 5657.582
2019 07 14 06 10 00 2 5657.583
2019 07 14 06 09 00 2 5657.585
2019 07 14 06 08 00 2 5657.588
2019 07 14 06 07 00 2 5657.591
2019 07 14 06 06 00 2 5657.595
2019 07 14 06 05 00 2 5657.598
2019 07 14 06 04 00 2 5657.599
2019 07 14 06 03 00 2 5657.601
2019 07 14 06 02 00 2 5657.606
2019 07 14 06 01 00 2 5657.606
2019 07 14 06 00 00 2 5657.611
2019 07 14 06 00 00 1 9999.000
2019 07 14 05 59 00 2 5657.612
2019 07 14 05 58 00 2 5657.619
2019 07 14 05 57 00 2 5657.623
2019 07 14 05 56 00 2 5657.624
2019 07 14 05 55 00 2 5657.627
2019 07 14 05 54 00 2 5657.630
2019 07 14 05 53 00 2 5657.632
2019 07 14 05 52 00 2 5657.635
2019 07 14 05 51 00 2 5657.639
2019 07 14 05 50 00 2 5657.641
2019 07 14 05 49 00 2 5657.646
2019 07 14 05 48 00 2 5657.648
2019 07 14 05 47 15 3 5657.663
2019 07 14 05 47 00 3 5657.641
2019 07 14 05 47 00 2 5657.653
2019 07 14 05 46 45 3 5657.663
2019 07 14 05 46 30 3 5657.676
2019 07 14 05 46 15 3 5657.654
2019 07 14 05 46 00 3 5657.652
2019 07 14 05 46 00 2 5657.661
2019 07 14 05 45 45 3 5657.643
2019 07 14 05 45 30 3 5657.676
2019 07 14 05 45 15 3 5657.656
2019 07 14 05 45 00 3 5657.668
2019 07 14 05 45 00 2 5657.661
2019 07 14 05 45 00 1 9999.000
2019 07 14 05 44 45 3 5657.676
2019 07 14 05 44 30 3 5657.649
2019 07 14 05 44 15 3 5657.705
2019 07 14 05 44 00 3 5657.617
2019 07 14 05 44 00 2 5657.662
2019 07 14 05 43 45 3 5657.649
2019 07 14 05 43 30 3 5657.672
2019 07 14 05 43 00 2 5657.670
2019 07 14 05 42 00 2 5657.682
2019 07 14 05 41 00 2 5657.678
2019 07 14 05 40 00 2 5657.683
2019 07 14 05 39 00 2 5657.688
2019 07 14 05 38 00 2 5657.691
2019 07 14 05 37 00 2 5657.696
2019 07 14 05 36 00 2 5657.701
2019 07 14 05 35 00 2 5657.704
2019 07 14 05 34 00 2 5657.709
2019 07 14 05 33 00 2 5657.714
2019 07 14 05 32 00 2 5657.718
2019 07 14 05 31 00 2 5657.722
2019 07 14 05 30 00 2 5657.726
2019 07 14 05 30 00 1 9999.000
2019 07 14 05 29 00 2 5657.731
2019 07 14 05 28 00 2 5657.736
2019 07 14 05 27 00 2 5657.741
2019 07 14 05 26 00 2 5657.746
2019 07 14 05 25 00 2 5657.750
2019 07 14 05 24 00 2 5657.755
2019 07 14 05 23 00 2 5657.759
2019 07 14 05 22 00 2 5657.764
2019 07 14 05 21 00 2 5657.769
2019 07 14 05 20 00 2 5657.774
2019 07 14 05 19 00 2 5657.779
2019 07 14 05 18 00 2 5657.784
2019 07 14 05 17 00 2 5657.789
2019 07 14 05 16 00 2 5657.794
2019 07 14 05 15 00 2 5657.799
2019 07 14 05 15 00 1 9999.000
2019 07 14 05 14 00 2 5657.804
2019 07 14 05 13 00 2 5657.810
2019 07 14 05 12 00 2 5657.815
2019 07 14 05 11 00 2 5657.821
2019 07 14 05 10 00 2 5657.826
2019 07 14 05 09 00 2 5657.831
2019 07 14 05 08 00 2 5657.835
2019 07 14 05 07 00 2 5657.842
2019 07 14 05 06 00 2 5657.847
2019 07 14 05 05 00 2 5657.852
2019 07 14 05 04 00 2 5657.858
2019 07 14 05 03 00 2 5657.863
2019 07 14 05 02 00 2 5657.868
2019 07 14 05 01 00 2 5657.875
2019 07 14 05 00 00 2 5657.881
2019 07 14 05 00 00 1 5657.883
2019 07 14 04 59 00 2 5657.887
2019 07 14 04 58 00 2 5657.892
2019 07 14 04 57 00 2 5657.898
2019 07 14 04 56 00 2 5657.904
2019 07 14 04 55 00 2 5657.911
2019 07 14 04 54 00 2 5657.917
2019 07 14 04 53 00 2 5657.922
2019 07 14 04 52 00 2 5657.928
2019 07 14 04 51 00 2 5657.934
2019 07 14 04 50 00 2 5657.941
2019 07 14 04 49 00 2 5657.946
2019 07 14 04 48 00 2 5657.953
2019 07 14 04 47 00 2 5657.959
2019 07 14 04 46 00 2 5657.965
2019 07 14 04 45 00 2 5657.972
2019 07 14 04 45 00 1 5657.975
2019 07 14 04 44 00 2 5657.978
2019 07 14 04 43 00 2 5657.985
2019 07 14 04 42 00 2 5657.992
2019 07 14 04 41 00 2 5657.997
2019 07 14 04 40 00 2 5658.004
2019 07 14 04 39 00 2 5658.011
2019 07 14 04 38 00 2 5658.017
2019 07 14 04 37 00 2 5658.024
2019 07 14 04 36 00 2 5658.030
2019 07 14 04 35 00 2 5658.038
2019 07 14 04 34 00 2 5658.044
2019 07 14 04 33 00 2 5658.051
2019 07 14 04 32 00 2 5658.058
2019 07 14 04 31 00 2 5658.064
2019 07 14 04 30 00 2 5658.071
2019 07 14 04 30 00 1 5658.074
2019 07 14 04 29 00 2 5658.077
2019 07 14 04 28 00 2 5658.084
2019 07 14 04 27 00 2 5658.092
2019 07 14 04 26 00 2 5658.098
2019 07 14 04 25 00 2 5658.105
2019 07 14 04 24 00 2 5658.112
2019 07 14 04 23 00 2 5658.119
2019 07 14 04 22 00 2 5658.126
2019 07 14 04 21 00 2 5658.133
2019 07 14 04 20 00 2 5658.140
2019 07 14 04 19 00 2 5658.147
2019 07 14 04 18 00 2 5658.154
2019 07 14 04 17 00 2 5658.162
2019 07 14 04 16 00 2 5658.168
2019 07 14 04 15 00 2 5658.175
2019 07 14 04 15 00 1 5658.179
2019 07 14 04 14 00 2 5658.183
2019 07 14 04 13 00 2 5658.190
2019 07 14 04 12 00 2 5658.197
2019 07 14 04 11 00 2 5658.204
2019 07 14 04 10 00 2 5658.212
2019 07 14 04 09 00 2 5658.218
2019 07 14 04 08 00 2 5658.225
2019 07 14 04 07 00 2 5658.233
2019 07 14 04 06 00 2 5658.240
2019 07 14 04 05 00 2 5658.247
2019 07 14 04 04 00 2 5658.256
2019 07 14 04 03 00 2 5658.262
2019 07 14 04 02 00 2 5658.269
2019 07 14 04 01 00 2 5658.279
2019 07 14 04 00 00 2 5658.286
2019 07 14 04 00 00 1 5658.289
2019 07 14 03 45 00 1 5658.401
2019 07 14 03 30 00 1 5658.516
2019 07 14 03 15 00 1 5658.630
2019 07 14 03 00 00 1 5658.743
2019 07 14 02 45 00 1 5658.853
2019 07 14 02 30 00 1 5658.955
2019 07 14 02 15 00 1 5659.056
2019 07 14 02 00 00 1 5659.146
2019 07 14 01 45 00 1 5659.230
2019 07 14 01 30 00 1 5659.301
2019 07 14 01 15 00 1 5659.362
2019 07 14 01 00 00 1 5659.414
2019 07 14 00 45 00 1 5659.454
2019 07 14 00 30 00 1 5659.481
2019 07 14 00 15 00 1 5659.496
2019 07 14 00 00 00 1 5659.496
